frames:
- frame: 1
  pose:
    R:
    - [0.9338749051094055, 0.10174056887626648, 0.342821329832077]
    - [-0.18410947918891907, 0.9586460590362549, 0.21702861785888672]
    - [-0.30656370520591736, -0.2657942473888397, 0.9139869213104248]
    t: [-0.8495888113975525, -0.48007932305336, -2.4116740226745605]
- frame: 2
  pose:
    R:
    - [0.9330209493637085, 0.10152703523635864, 0.34520167112350464]
    - [-0.18437103927135468, 0.9587500691413879, 0.21634595096111298]
    - [-0.30899718403816223, -0.2655004858970642, 0.9132525324821472]
    t: [-0.8553429841995239, -0.47902214527130127, -2.4119129180908203]
- frame: 3
  pose:
    R:
    - [0.9324420094490051, 0.10107779502868652, 0.3468936085700989]
    - [-0.18430179357528687, 0.9588385224342346, 0.21601274609565735]
    - [-0.3107808530330658, -0.2653524875640869, 0.9126901626586914]
    t: [-0.8597323894500732, -0.4782291054725647, -2.41241455078125]
- frame: 4
  pose:
    R:
    - [0.931991457939148, 0.1006789430975914, 0.34821781516075134]
    - [-0.1842532604932785, 0.9588705897331238, 0.21591195464134216]
    - [-0.3121580183506012, -0.2653883695602417, 0.9122096300125122]
    t: [-0.8631893396377563, -0.4774083197116852, -2.4128270149230957]
- frame: 5
  pose:
    R:
    - [0.9311566948890686, 0.10031867772340775, 0.35054728388786316]
    - [-0.18448102474212646, 0.9588918685913086, 0.21562279760837555]
    - [-0.314505934715271, -0.2654479146003723, 0.9113854169845581]
    t: [-0.8686699867248535, -0.4770260155200958, -2.412899971008301]
- frame: 6
  pose:
    R:
    - [0.93039870262146, 0.0998876541852951, 0.35267648100852966]
    - [-0.18459388613700867, 0.9589235186576843, 0.21538519859313965]
    - [-0.31667545437812805, -0.26549604535102844, 0.910619854927063]
    t: [-0.8739456534385681, -0.47686606645584106, -2.413001775741577]
- frame: 7
  pose:
    R:
    - [0.929641842842102, 0.0996604785323143, 0.3547307252883911]
    - [-0.18479694426059723, 0.959000289440155, 0.21486873924732208]
    - [-0.31877294182777405, -0.2653041183948517, 0.909943699836731]
    t: [-0.8789282441139221, -0.4762525260448456, -2.4132049083709717]
- frame: 8
  pose:
    R:
    - [0.9288975596427917, 0.09936301410198212, 0.35675814747810364]
    - [-0.1849096417427063, 0.9590996503829956, 0.21432746946811676]
    - [-0.32087036967277527, -0.2650562822818756, 0.9092785120010376]
    t: [-0.8831929564476013, -0.47583410143852234, -2.413607120513916]
- frame: 9
  pose:
    R:
    - [0.9279719591140747, 0.09891944378614426, 0.35928118228912354]
    - [-0.18492096662521362, 0.9592798352241516, 0.21350979804992676]
    - [-0.323530912399292, -0.2645697295665741, 0.9084770679473877]
    t: [-0.8884748220443726, -0.47484371066093445, -2.4140353202819824]
- frame: 10
  pose:
    R:
    - [0.9271658658981323, 0.09847486764192581, 0.36147773265838623]
    - [-0.1849585622549057, 0.959374725818634, 0.21305038034915924]
    - [-0.3258124887943268, -0.2643914520740509, 0.9077132940292358]
    t: [-0.8932355642318726, -0.47458505630493164, -2.4141733646392822]
- frame: 11
  pose:
    R:
    - [0.9262056350708008, 0.09815797209739685, 0.3640166223049164]
    - [-0.18496175110340118, 0.9596402645111084, 0.2118482142686844]
    - [-0.3285304307937622, -0.2635441720485687, 0.9069797396659851]
    t: [-0.8986775279045105, -0.47312411665916443, -2.415189027786255]
- frame: 12
  pose:
    R:
    - [0.9255253672599792, 0.09756799787282944, 0.36590060591697693]
    - [-0.1848209947347641, 0.9597261548042297, 0.21158193051815033]
    - [-0.33052074909210205, -0.263450562953949, 0.9062835574150085]
    t: [-0.9037312269210815, -0.47219157218933105, -2.4153449535369873]
- frame: 13
  pose:
    R:
    - [0.9248833060264587, 0.0973985567688942, 0.36756542325019836]
    - [-0.18501006066799164, 0.9597724080085754, 0.21120667457580566]
    - [-0.33220791816711426, -0.26334482431411743, 0.9056971669197083]
    t: [-0.907316267490387, -0.4715196192264557, -2.4158828258514404]
- frame: 14
  pose:
    R:
    - [0.9241040349006653, 0.09691297262907028, 0.3696480393409729]
    - [-0.1850840300321579, 0.9597885608673096, 0.21106815338134766]
    - [-0.33432871103286743, -0.26346486806869507, 0.9048815369606018]
    t: [-0.9105582237243652, -0.471954882144928, -2.415583610534668]
- frame: 15
  pose:
    R:
    - [0.9230265021324158, 0.0965626910328865, 0.37242141366004944]
    - [-0.18508540093898773, 0.9600675106048584, 0.20979467034339905]
    - [-0.3372913599014282, -0.26257580518722534, 0.9040400981903076]
    t: [-0.9153320789337158, -0.4707043468952179, -2.416630506515503]
- frame: 16
  pose:
    R:
    - [0.9221112132072449, 0.09597556293010712, 0.37483274936676025]
    - [-0.18505708873271942, 0.9601582288742065, 0.20940403640270233]
    - [-0.3398010730743408, -0.26245927810668945, 0.9031336307525635]
    t: [-0.9216709136962891, -0.4692583382129669, -2.4157798290252686]
- frame: 17
  pose:
    R:
    - [0.9217424988746643, 0.09578508883714676, 0.37578707933425903]
    - [-0.1851632297039032, 0.9601287841796875, 0.20944520831108093]
    - [-0.340742290019989, -0.2626365125179291, 0.9027274250984192]
    t: [-0.924310564994812, -0.46906909346580505, -2.4167122840881348]
- frame: 18
  pose:
    R:
    - [0.9209870100021362, 0.09506530314683914, 0.377816766500473]
    - [-0.185061976313591, 0.9601293802261353, 0.2095319777727127]
    - [-0.3428337574005127, -0.26289573311805725, 0.9018596410751343]
    t: [-0.9269495010375977, -0.46973735094070435, -2.4164657592773438]
- frame: 19
  pose:
    R:
    - [0.9197977781295776, 0.09459240734577179, 0.3808205723762512]
    - [-0.18516066670417786, 0.9602934718132019, 0.20869122445583344]
    - [-0.3459588885307312, -0.2624667286872864, 0.9007905721664429]
    t: [-0.9321635961532593, -0.46882393956184387, -2.416308879852295]
- frame: 20
  pose:
    R:
    - [0.9187346696853638, 0.09406933933496475, 0.3835068643093109]
    - [-0.18513701856136322, 0.9604636430740356, 0.20792746543884277]
    - [-0.34878480434417725, -0.2620314955711365, 0.8998270034790039]
    t: [-0.9374614953994751, -0.4681124687194824, -2.4164087772369385]
- frame: 21
  pose:
    R:
    - [0.9177339673042297, 0.09367137402296066, 0.3859923183917999]
    - [-0.18515071272850037, 0.9606423377990723, 0.20708806812763214]
    - [-0.3514023423194885, -0.2615185081958771, 0.8989574313163757]
    t: [-0.9437745809555054, -0.4666125774383545, -2.4166269302368164]
- frame: 22
  pose:
    R:
    - [0.916999340057373, 0.09344670921564102, 0.3877885043621063]
    - [-0.18542003631591797, 0.9606140851974487, 0.20697833597660065]
    - [-0.3531736731529236, -0.2617027461528778, 0.8982093334197998]
    t: [-0.9490434527397156, -0.4654045104980469, -2.416196584701538]
- frame: 23
  pose:
    R:
    - [0.9164362549781799, 0.09322445839643478, 0.38917064666748047]
    - [-0.18559977412223816, 0.9605846405029297, 0.20695389807224274]
    - [-0.3545381724834442, -0.2618900537490845, 0.897616982460022]
    t: [-0.952752947807312, -0.46427392959594727, -2.415884494781494]
- frame: 24
  pose:
    R:
    - [0.9157099723815918, 0.0929085835814476, 0.39095166325569153]
    - [-0.1859341710805893, 0.9604547023773193, 0.2072565257549286]
    - [-0.35623544454574585, -0.26247814297676086, 0.8967728614807129]
    t: [-0.9573418498039246, -0.4642108678817749, -2.4149880409240723]
- frame: 25
  pose:
    R:
    - [0.9151767492294312, 0.092709019780159, 0.39224550127983093]
    - [-0.18605473637580872, 0.9604679346084595, 0.2070869356393814]
    - [-0.35754039883613586, -0.2625002861022949, 0.8962468504905701]
    t: [-0.960679292678833, -0.4633226692676544, -2.4148221015930176]
- frame: 26
  pose:
    R:
    - [0.9144725799560547, 0.09233103692531586, 0.39397314190864563]
    - [-0.18622462451457977, 0.9604161381721497, 0.20717427134513855]
    - [-0.3592495620250702, -0.262822687625885, 0.8954685926437378]
    t: [-0.9639216661453247, -0.4636040925979614, -2.4147067070007324]
- frame: 27
  pose:
    R:
    - [0.9134798049926758, 0.09189750254154205, 0.39637044072151184]
    - [-0.18633133172988892, 0.960490345954895, 0.20673395693302155]
    - [-0.36171165108680725, -0.262703537940979, 0.894511878490448]
    t: [-0.9679261445999146, -0.4635311961174011, -2.4147841930389404]
- frame: 28
  pose:
    R:
    - [0.9126156568527222, 0.09133513271808624, 0.3984852731227875]
    - [-0.1861884891986847, 0.9606263637542725, 0.20622996985912323]
    - [-0.363959401845932, -0.26240208745002747, 0.8936882615089417]
    t: [-0.970238208770752, -0.46405333280563354, -2.415409803390503]
- frame: 29
  pose:
    R:
    - [0.9112193584442139, 0.09102078527212143, 0.40173932909965515]
    - [-0.18622347712516785, 0.9609532952308655, 0.2046693116426468]
    - [-0.36742356419563293, -0.26131191849708557, 0.8925895094871521]
    t: [-0.9755162000656128, -0.4622202515602112, -2.416142463684082]
- frame: 30
  pose:
    R:
    - [0.9099741578102112, 0.09042558073997498, 0.4046854078769684]
    - [-0.18618224561214447, 0.9611273407936096, 0.20388808846473694]
    - [-0.3705175220966339, -0.2608781158924103, 0.8914366960525513]
    t: [-0.9808034896850586, -0.46142885088920593, -2.41634464263916]
- frame: 31
  pose:
    R:
    - [0.9094716310501099, 0.08934047818183899, 0.406053751707077]
    - [-0.1854821741580963, 0.961250901222229, 0.20394383370876312]
    - [-0.3720990717411041, -0.2607968747615814, 0.8908014893531799]
    t: [-0.9820876717567444, -0.46249428391456604, -2.4174742698669434]
- frame: 32
  pose:
    R:
    - [0.9076811075210571, 0.0892300084233284, 0.4100646376609802]
    - [-0.1860426962375641, 0.9614266157150269, 0.20260056853294373]
    - [-0.37616902589797974, -0.26018625497817993, 0.8892693519592285]
    t: [-0.9909325242042542, -0.4602072834968567, -2.416834831237793]
- frame: 33
  pose:
    R:
    - [0.9064138531684875, 0.08869465440511703, 0.4129735231399536]
    - [-0.18608389794826508, 0.9615639448165894, 0.20190991461277008]
    - [-0.3791921138763428, -0.25986167788505554, 0.8880795240402222]
    t: [-0.9962049722671509, -0.45962220430374146, -2.416701078414917]
- frame: 34
  pose:
    R:
    - [0.9050332903862, 0.08812037110328674, 0.41611239314079285]
    - [-0.1860734224319458, 0.9617493748664856, 0.20103447139263153]
    - [-0.38248059153556824, -0.259370356798172, 0.8868120312690735]
    t: [-1.0016669034957886, -0.45859581232070923, -2.4163949489593506]
- frame: 35
  pose:
    R:
    - [0.9037522077560425, 0.08755701780319214, 0.4190056025981903]
    - [-0.1859349012374878, 0.9619871973991394, 0.20002201199531555]
    - [-0.3855646848678589, -0.2586781084537506, 0.8856779932975769]
    t: [-1.0065234899520874, -0.45751088857650757, -2.417175054550171]
- frame: 36
  pose:
    R:
    - [0.9020940661430359, 0.08702975511550903, 0.4226725995540619]
    - [-0.18599987030029297, 0.9622179269790649, 0.1988484263420105]
    - [-0.38939744234085083, -0.2579970359802246, 0.8841986060142517]
    t: [-1.01422119140625, -0.4553854763507843, -2.416816473007202]
- frame: 37
  pose:
    R:
    - [0.9012472629547119, 0.08628839999437332, 0.4246264696121216]
    - [-0.18590040504932404, 0.9621984958648682, 0.19903531670570374]
    - [-0.3914005160331726, -0.2583182752132416, 0.883219838142395]
    t: [-1.0181235074996948, -0.45599836111068726, -2.4167776107788086]
- frame: 38
  pose:
    R:
    - [0.89988774061203, 0.08579864352941513, 0.4275987148284912]
    - [-0.18614155054092407, 0.9622285962104797, 0.19866426289081573]
    - [-0.3944025933742523, -0.25836941599845886, 0.8818683624267578]
    t: [-1.0239741802215576, -0.45622020959854126, -2.4173738956451416]
- frame: 39
  pose:
    R:
    - [0.8988289833068848, 0.08496157079935074, 0.42998605966567993]
    - [-0.18569009006023407, 0.9624552130699158, 0.1979876458644867]
    - [-0.39702099561691284, -0.2578011751174927, 0.8808591365814209]
    t: [-1.0269548892974854, -0.4554150402545929, -2.416391134262085]
- frame: 40
  pose:
    R:
    - [0.897384762763977, 0.0844007357954979, 0.43310171365737915]
    - [-0.1856653243303299, 0.9626415967941284, 0.19710282981395721]
    - [-0.40028610825538635, -0.2572890520095825, 0.8795301914215088]
    t: [-1.032961130142212, -0.455482542514801, -2.4172043800354004]
- frame: 41
  pose:
    R:
    - [0.89556485414505, 0.08422387391328812, 0.4368866980075836]
    - [-0.18595698475837708, 0.9629000425338745, 0.195559561252594]
    - [-0.40420740842819214, -0.2563783824443817, 0.8780013918876648]
    t: [-1.0417958498001099, -0.45190876722335815, -2.4151461124420166]
- frame: 42
  pose:
    R:
    - [0.8945946097373962, 0.08385597169399261, 0.4389404058456421]
    - [-0.18606530129909515, 0.9629412293434143, 0.19525347650051117]
    - [-0.4063006341457367, -0.2563442885875702, 0.877044677734375]
    t: [-1.0464369058609009, -0.4517166316509247, -2.415760040283203]
- frame: 43
  pose:
    R:
    - [0.8935645818710327, 0.08310113102197647, 0.4411763548851013]
    - [-0.18582485616207123, 0.9630449414253235, 0.1949705183506012]
    - [-0.4086703956127167, -0.25620028376579285, 0.8759850859642029]
    t: [-1.0510753393173218, -0.45172446966171265, -2.416566848754883]
- frame: 44
  pose:
    R:
    - [0.892249345779419, 0.08282775431871414, 0.4438813328742981]
    - [-0.1862039566040039, 0.9630495309829712, 0.19458608329296112]
    - [-0.41136255860328674, -0.25627174973487854, 0.8747031688690186]
    t: [-1.0580711364746094, -0.4499247074127197, -2.4145703315734863]
- frame: 45
  pose:
    R:
    - [0.8912482857704163, 0.08246652781963348, 0.445954829454422]
    - [-0.18615679442882538, 0.9631924033164978, 0.19392277300357819]
    - [-0.41354817152023315, -0.2558508515357971, 0.8737953305244446]
    t: [-1.0634719133377075, -0.4479996860027313, -2.4130136966705322]
- frame: 46
  pose:
    R:
    - [0.8904706835746765, 0.08223816752433777, 0.4475476145744324]
    - [-0.18638132512569427, 0.9631630778312683, 0.1938527375459671]
    - [-0.4151192605495453, -0.2560347020626068, 0.8729961514472961]
    t: [-1.0687382221221924, -0.4473510980606079, -2.413212299346924]
- frame: 47
  pose:
    R:
    - [0.8894618153572083, 0.08213121443986893, 0.44956880807876587]
    - [-0.18682663142681122, 0.9631110429763794, 0.19368265569210052]
    - [-0.41707727313041687, -0.25626474618911743, 0.8719947934150696]
    t: [-1.075537085533142, -0.4463203549385071, -2.411538600921631]
- frame: 48
  pose:
    R:
    - [0.8888753652572632, 0.08166221529245377, 0.4508124589920044]
    - [-0.18683311343193054, 0.9630601406097412, 0.1939292699098587]
    - [-0.4183228015899658, -0.2566056549549103, 0.8712976574897766]
    t: [-1.0808908939361572, -0.4456958472728729, -2.4105007648468018]
- frame: 49
  pose:
    R:
    - [0.8880850076675415, 0.08148381859064102, 0.4523995816707611]
    - [-0.18711049854755402, 0.9630215167999268, 0.19385375082492828]
    - [-0.4198745787143707, -0.2568073272705078, 0.8704914450645447]
    t: [-1.087783932685852, -0.444757342338562, -2.40971302986145]
- frame: 50
  pose:
    R:
    - [0.8880113959312439, 0.0812053382396698, 0.45259416103363037]
    - [-0.18694499135017395, 0.9630226492881775, 0.19400759041309357]
    - [-0.4201039671897888, -0.2568911612033844, 0.870356023311615]
    t: [-1.089117407798767, -0.44410377740859985, -2.4089362621307373]
- frame: 51
  pose:
    R:
    - [0.886921226978302, 0.08094348758459091, 0.4547733962535858]
    - [-0.18724076449871063, 0.963014543056488, 0.19376255571842194]
    - [-0.4222695529460907, -0.2570042610168457, 0.8692739605903625]
    t: [-1.0962122678756714, -0.44401392340660095, -2.408247947692871]
- frame: 52
  pose:
    R:
    - [0.8857406973838806, 0.08101654052734375, 0.45705556869506836]
    - [-0.1877136379480362, 0.9630624651908875, 0.19306540489196777]
    - [-0.42453157901763916, -0.25680142641067505, 0.8682315349578857]
    t: [-1.1040592193603516, -0.441760778427124, -2.4070591926574707]
- frame: 53
  pose:
    R:
    - [0.8849940299987793, 0.0806896910071373, 0.45855721831321716]
    - [-0.18816758692264557, 0.9628405570983887, 0.19372910261154175]
    - [-0.42588555812835693, -0.2577347159385681, 0.8672913312911987]
    t: [-1.1113284826278687, -0.4429813325405121, -2.406919479370117]
- frame: 54
  pose:
    R:
    - [0.8846734762191772, 0.08069568127393723, 0.4591743052005768]
    - [-0.18809276819229126, 0.962969958782196, 0.19315795600414276]
    - [-0.42658403515815735, -0.2572490870952606, 0.8670922517776489]
    t: [-1.1130774021148682, -0.44095543026924133, -2.406712770462036]
- frame: 55
  pose:
    R:
    - [0.8841511011123657, 0.08023098856210709, 0.4602605402469635]
    - [-0.187818244099617, 0.9630720615386963, 0.19291569292545319]
    - [-0.427786260843277, -0.25701195001602173, 0.8665701150894165]
    t: [-1.115007758140564, -0.4400690197944641, -2.4053072929382324]
- frame: 56
  pose:
    R:
    - [0.8829284310340881, 0.08016357570886612, 0.46261337399482727]
    - [-0.18850620090961456, 0.9629378318786621, 0.19291475415229797]
    - [-0.43000319600105286, -0.2575353980064392, 0.8653165698051453]
    t: [-1.1225782632827759, -0.44121241569519043, -2.405846357345581]
- frame: 57
  pose:
    R:
    - [0.8819757699966431, 0.07981507480144501, 0.4644871652126312]
    - [-0.18842895328998566, 0.9630755186080933, 0.19230200350284576]
    - [-0.43198761343955994, -0.2571285367012024, 0.8644487261772156]
    t: [-1.1270084381103516, -0.4411512017250061, -2.4067130088806152]
- frame: 58
  pose:
    R:
    - [0.8807596564292908, 0.07921863347291946, 0.4668905735015869]
    - [-0.18819819390773773, 0.9632636308670044, 0.19158439338207245]
    - [-0.43456166982650757, -0.2566077709197998, 0.8633126020431519]
    t: [-1.133129596710205, -0.43928149342536926, -2.4057178497314453]
- frame: 59
  pose:
    R:
    - [0.8796795010566711, 0.07883938401937485, 0.46898648142814636]
    - [-0.18844132125377655, 0.9632257223129272, 0.19153611361980438]
    - [-0.4366392493247986, -0.25686684250831604, 0.8621864914894104]
    t: [-1.1382880210876465, -0.43980756402015686, -2.4055776596069336]
- frame: 60
  pose:
    R:
    - [0.8787855505943298, 0.07841460406780243, 0.47073036432266235]
    - [-0.18818733096122742, 0.9634150862693787, 0.19083218276500702]
    - [-0.43854469060897827, -0.25628605484962463, 0.8613919019699097]
    t: [-1.141776442527771, -0.4386441707611084, -2.4057798385620117]
- frame: 61
  pose:
    R:
    - [0.8774698376655579, 0.07806652039289474, 0.47323596477508545]
    - [-0.18870162963867188, 0.9632847309112549, 0.19098232686519623]
    - [-0.4409516453742981, -0.25688162446022034, 0.8599845767021179]
    t: [-1.148584008216858, -0.4400066137313843, -2.4053709506988525]
- frame: 62
  pose:
    R:
    - [0.8766089677810669, 0.07750950753688812, 0.47492000460624695]
    - [-0.18828372657299042, 0.9635043740272522, 0.19028562307357788]
    - [-0.44283854961395264, -0.2562257945537567, 0.8592103123664856]
    t: [-1.1530544757843018, -0.4379061460494995, -2.40466570854187]
- frame: 63
  pose:
    R:
    - [0.8758842349052429, 0.07643850147724152, 0.476428359746933]
    - [-0.18777795135974884, 0.9635353684425354, 0.19062791764736176]
    - [-0.44448429346084595, -0.2564307153224945, 0.8582988977432251]
    t: [-1.157195806503296, -0.43799030780792236, -2.403130531311035]
- frame: 64
  pose:
    R:
    - [0.8751018047332764, 0.07636944949626923, 0.4778749942779541]
    - [-0.18803994357585907, 0.9635368585586548, 0.19036217033863068]
    - [-0.44591233134269714, -0.25644588470458984, 0.8575533628463745]
    t: [-1.1624915599822998, -0.4364668130874634, -2.403964042663574]
- frame: 65
  pose:
    R:
    - [0.8745272159576416, 0.07568572461605072, 0.47903430461883545]
    - [-0.18750043213367462, 0.9637056589126587, 0.19003956019878387]
    - [-0.44726476073265076, -0.2560139000415802, 0.8569778800010681]
    t: [-1.1649413108825684, -0.4338040053844452, -2.4009945392608643]
- frame: 66
  pose:
    R:
    - [0.8729879856109619, 0.07481152564287186, 0.4819701313972473]
    - [-0.18785350024700165, 0.9635060429573059, 0.19070163369178772]
    - [-0.45011448860168457, -0.2570200264453888, 0.8551828265190125]
    t: [-1.174443006515503, -0.4357563555240631, -2.4000701904296875]
- frame: 67
  pose:
    R:
    - [0.8739557266235352, 0.07336656004190445, 0.4804360270500183]
    - [-0.18633122742176056, 0.963582456111908, 0.19180598855018616]
    - [-0.4488675892353058, -0.25715017318725586, 0.8557988405227661]
    t: [-1.170309066772461, -0.438640832901001, -2.4038140773773193]
- frame: 68
  pose:
    R:
    - [0.8720229864120483, 0.07407362759113312, 0.48382747173309326]
    - [-0.1871287077665329, 0.9638435244560242, 0.18970637023448944]
    - [-0.4522817134857178, -0.25596633553504944, 0.8543550372123718]
    t: [-1.178459644317627, -0.43308019638061523, -2.4007065296173096]
- frame: 69
  pose:
    R:
    - [0.8709982633590698, 0.07384078204631805, 0.4857051968574524]
    - [-0.18761882185935974, 0.9637020826339722, 0.1899406462907791]
    - [-0.4540497660636902, -0.2565654218196869, 0.8532367944717407]
    t: [-1.1850558519363403, -0.43416628241539, -2.4017109870910645]
- frame: 70
  pose:
    R:
    - [0.8707775473594666, 0.07350306212902069, 0.48615196347236633]
    - [-0.18731902539730072, 0.9637880325317383, 0.18980038166046143]
    - [-0.45459654927253723, -0.256339430809021, 0.8530135154724121]
    t: [-1.1859657764434814, -0.43366551399230957, -2.4023845195770264]
- frame: 71
  pose:
    R:
    - [0.8694480061531067, 0.0730673223733902, 0.48859113454818726]
    - [-0.18704679608345032, 0.9640613794326782, 0.1886773407459259]
    - [-0.45724570751190186, -0.2554345428943634, 0.8518682718276978]
    t: [-1.1919915676116943, -0.429260790348053, -2.397671699523926]
- frame: 72
  pose:
    R:
    - [0.8691832423210144, 0.07216247171163559, 0.4891963005065918]
    - [-0.18733318150043488, 0.9636073708534241, 0.1907017081975937]
    - [-0.4576316475868225, -0.25739744305610657, 0.8510698080062866]
    t: [-1.1982532739639282, -0.435774564743042, -2.404326915740967]
- frame: 73
  pose:
    R:
    - [0.8672352433204651, 0.0723390206694603, 0.4926155209541321]
    - [-0.18723329901695251, 0.9641504287719727, 0.18803635239601135]
    - [-0.4613530933856964, -0.25530579686164856, 0.8496894836425781]
    t: [-1.2042316198349, -0.4258604645729065, -2.3951828479766846]
- frame: 74
  pose:
    R:
    - [0.8658264875411987, 0.07160487025976181, 0.4951941967010498]
    - [-0.18711447715759277, 0.964232325553894, 0.18773429095745087]
    - [-0.46403956413269043, -0.2552033066749573, 0.8482561707496643]
    t: [-1.2112537622451782, -0.42338162660598755, -2.3919625282287598]
- frame: 75
  pose:
    R:
    - [0.866416335105896, 0.0706392228603363, 0.49430036544799805]
    - [-0.1867046356201172, 0.9639662504196167, 0.18950042128562927]
    - [-0.4631027281284332, -0.25647443532943726, 0.8483847975730896]
    t: [-1.2116682529449463, -0.4280799925327301, -2.398420810699463]
- frame: 76
  pose:
    R:
    - [0.8661417365074158, 0.06927993893623352, 0.4949735105037689]
    - [-0.18537887930870056, 0.9642361998558044, 0.18942862749099731]
    - [-0.46414777636528015, -0.25582969188690186, 0.8480082750320435]
    t: [-1.2130727767944336, -0.42691975831985474, -2.3985040187835693]
- frame: 77
  pose:
    R:
    - [0.8645970225334167, 0.06847450882196426, 0.4977782666683197]
    - [-0.18507911264896393, 0.9644169211387634, 0.18880069255828857]
    - [-0.46713775396347046, -0.25536486506462097, 0.8465052247047424]
    t: [-1.218941330909729, -0.42358896136283875, -2.393951177597046]
- frame: 78
  pose:
    R:
    - [0.8642052412033081, 0.06794916838407516, 0.4985300302505493]
    - [-0.18537642061710358, 0.964136004447937, 0.18994048237800598]
    - [-0.4677444398403168, -0.256563276052475, 0.8458075523376465]
    t: [-1.2237513065338135, -0.4261515140533447, -2.3967015743255615]
- frame: 79
  pose:
    R:
    - [0.8635923266410828, 0.06665381044149399, 0.499765545129776]
    - [-0.18397705256938934, 0.9645355939865112, 0.18927115201950073]
    - [-0.4694260060787201, -0.2553985118865967, 0.8452282547950745]
    t: [-1.22403883934021, -0.42272475361824036, -2.392634868621826]
- frame: 80
  pose:
    R:
    - [0.8619207739830017, 0.06617194414138794, 0.5027064681053162]
    - [-0.18475788831710815, 0.9642724990844727, 0.1898501068353653]
    - [-0.4721832871437073, -0.2565147578716278, 0.8433523178100586]
    t: [-1.2380642890930176, -0.4240342080593109, -2.3941919803619385]
- frame: 81
  pose:
    R:
    - [0.8619425892829895, 0.06476660817861557, 0.5028521418571472]
    - [-0.18390971422195435, 0.9641969203948975, 0.1910538524389267]
    - [-0.4724745750427246, -0.2571568489074707, 0.8429935574531555]
    t: [-1.2399792671203613, -0.4270770847797394, -2.3951144218444824]
- frame: 82
  pose:
    R:
    - [0.8601824641227722, 0.0647478774189949, 0.5058594942092896]
    - [-0.1844259351491928, 0.9642705917358398, 0.19018219411373138]
    - [-0.475471556186676, -0.25688499212265015, 0.8413898348808289]
    t: [-1.247822642326355, -0.42541638016700745, -2.3926429748535156]
- frame: 83
  pose:
    R:
    - [0.858735203742981, 0.0648113563656807, 0.5083044171333313]
    - [-0.1849662959575653, 0.9642952084541321, 0.18953168392181396]
    - [-0.47787168622016907, -0.25677672028541565, 0.840062141418457]
    t: [-1.2565399408340454, -0.4243096113204956, -2.3922901153564453]
- frame: 84
  pose:
    R:
    - [0.8592049479484558, 0.06452709436416626, 0.5075461864471436]
    - [-0.18357239663600922, 0.9648423194885254, 0.18809685111045837]
    - [-0.4775646924972534, -0.2547852098941803, 0.8408427238464355]
    t: [-1.2484627962112427, -0.41822636127471924, -2.3868181705474854]
- frame: 85
  pose:
    R:
    - [0.8569709062576294, 0.06402076780796051, 0.5113728642463684]
    - [-0.18469080328941345, 0.9644993543624878, 0.18875983357429504]
    - [-0.4811342656612396, -0.25620755553245544, 0.8383719325065613]
    t: [-1.264611840248108, -0.42073822021484375, -2.387765407562256]
- frame: 86
  pose:
    R:
    - [0.8584800362586975, 0.06336170434951782, 0.5089178085327148]
    - [-0.18364739418029785, 0.9645131230354309, 0.18970535695552826]
    - [-0.4788378179073334, -0.25631970167160034, 0.8396514654159546]
    t: [-1.260860800743103, -0.4219326376914978, -2.3920111656188965]
- frame: 87
  pose:
    R:
    - [0.8564720153808594, 0.06304513663053513, 0.5123289823532104]
    - [-0.18426518142223358, 0.9644636511802673, 0.18935728073120117]
    - [-0.48218464851379395, -0.2565836012363434, 0.8376531600952148]
    t: [-1.2717461585998535, -0.4201993942260742, -2.3879199028015137]
- frame: 88
  pose:
    R:
    - [0.8570400476455688, 0.06270978599786758, 0.511419415473938]
    - [-0.18370722234249115, 0.9645246267318726, 0.18958865106105804]
    - [-0.48138755559921265, -0.2564364969730377, 0.838156521320343]
    t: [-1.2681505680084229, -0.4200931489467621, -2.388242721557617]
- frame: 89
  pose:
    R:
    - [0.8576121926307678, 0.06166426092386246, 0.5105867981910706]
    - [-0.18271394073963165, 0.964552104473114, 0.19040702283382416]
    - [-0.48074623942375183, -0.2565867006778717, 0.8384785652160645]
    t: [-1.2665722370147705, -0.4225473403930664, -2.3908767700195312]
- frame: 90
  pose:
    R:
    - [0.8564619421958923, 0.061783045530319214, 0.5124995112419128]
    - [-0.18299494683742523, 0.9646739959716797, 0.18951766192913055]
    - [-0.48268598318099976, -0.25609949231147766, 0.8375125527381897]
    t: [-1.2703849077224731, -0.4201803207397461, -2.3881795406341553]
- frame: 91
  pose:
    R:
    - [0.8560968637466431, 0.06175098195672035, 0.5131130218505859]
    - [-0.18328343331813812, 0.9645807147026062, 0.18971368670463562]
    - [-0.48322391510009766, -0.2564584016799927, 0.837092399597168]
    t: [-1.2709285020828247, -0.42201533913612366, -2.3913376331329346]
- frame: 92
  pose:
    R:
    - [0.8568028807640076, 0.0608522854745388, 0.5120408535003662]
    - [-0.18163181841373444, 0.9649851322174072, 0.18924488127231598]
    - [-0.482595831155777, -0.2551484704017639, 0.8378546833992004]
    t: [-1.257399559020996, -0.4198315441608429, -2.38909912109375]
- frame: 93
  pose:
    R:
    - [0.8518950343132019, 0.06048180162906647, 0.5202084183692932]
    - [-0.18322913348674774, 0.9649524092674255, 0.18786688148975372]
    - [-0.49061381816864014, -0.2553602159023285, 0.8331201672554016]
    t: [-1.2778050899505615, -0.4188139736652374, -2.3848907947540283]
- frame: 94
  pose:
    R:
    - [0.8525227904319763, 0.060370951890945435, 0.5191919207572937]
    - [-0.1828393191099167, 0.9649971127510071, 0.18801696598529816]
    - [-0.4896679222583771, -0.25521743297576904, 0.8337202072143555]
    t: [-1.273301601409912, -0.42089369893074036, -2.393324375152588]
- frame: 95
  pose:
    R:
    - [0.8500156998634338, 0.059788838028907776, 0.5233532190322876]
    - [-0.18359896540641785, 0.9648622870445251, 0.1879686415195465]
    - [-0.49372538924217224, -0.25586339831352234, 0.8311252593994141]
    t: [-1.28404700756073, -0.4219586253166199, -2.390695571899414]
- frame: 96
  pose:
    R:
    - [0.850220799446106, 0.059745535254478455, 0.5230249166488647]
    - [-0.1831395924091339, 0.9650464057922363, 0.18747074902057648]
    - [-0.49354276061058044, -0.2551780939102173, 0.8314443230628967]
    t: [-1.2798328399658203, -0.42005622386932373, -2.3890326023101807]
- frame: 97
  pose:
    R:
    - [0.8501706123352051, 0.05930224061012268, 0.5231569409370422]
    - [-0.18278706073760986, 0.9650790095329285, 0.1876469999551773]
    - [-0.4937599003314972, -0.25515827536582947, 0.8313214778900146]
    t: [-1.280107855796814, -0.420260488986969, -2.3884048461914062]
- frame: 98
  pose:
    R:
    - [0.8503091931343079, 0.059465162456035614, 0.5229131579399109]
    - [-0.18297292292118073, 0.9650156497955322, 0.18779169023036957]
    - [-0.4934523105621338, -0.255359947681427, 0.8314421772956848]
    t: [-1.2804431915283203, -0.4209153950214386, -2.3898732662200928]
